RESOURCES 30
ID Ресурс_1 NAME Станок_1 TYPE Станок COST 211 USE_CASES 1 | Токарно-винторезный_станок 1 | UNAVAILABILITY 0
ID Ресурс_2 NAME Станок_2 TYPE Станок COST 216 USE_CASES 1 | Токарный_станок_с_СЧПУ 3 | UNAVAILABILITY 1 | 300 310 | 
ID Ресурс_3 NAME Станок_3 TYPE Станок COST 275 USE_CASES 1 | Токарный_станок_с_СЧПУ 3 | UNAVAILABILITY 0
ID Ресурс_4 NAME Станок_4 TYPE Станок COST 266 USE_CASES 1 | Вертикально-сверлильный_станок 4 | UNAVAILABILITY 2 | 97 117 | 244 254 | 
ID Ресурс_5 NAME Станок_5 TYPE Станок COST 296 USE_CASES 1 | Вертикально-сверлильный_станок 2 | UNAVAILABILITY 0
ID Ресурс_6 NAME Станок_6 TYPE Станок COST 132 USE_CASES 1 | Токарно-винторезный_станок 3 | UNAVAILABILITY 0
ID Ресурс_7 NAME Станок_7 TYPE Станок COST 210 USE_CASES 1 | Вертикально-сверлильный_станок 4 | UNAVAILABILITY 2 | 135 160 | 302 327 | 
ID Ресурс_8 NAME Станок_8 TYPE Станок COST 140 USE_CASES 1 | Токарно-винторезный_станок 2 | UNAVAILABILITY 1 | 240 255 | 
ID Ресурс_9 NAME Станок_9 TYPE Станок COST 171 USE_CASES 1 | Вертикально-сверлильный_станок 4 | UNAVAILABILITY 0
ID Ресурс_10 NAME Станок_10 TYPE Станок COST 281 USE_CASES 1 | Токарно-винторезный_станок 5 | UNAVAILABILITY 3 | 85 115 | 200 225 | 295 325 | 
ID Ресурс_11 NAME Рабочий_1 TYPE Рабочий COST 205 USE_CASES 1 | Токарь 4 | UNAVAILABILITY 2 | 90 105 | 210 220 | 
ID Ресурс_12 NAME Рабочий_2 TYPE Рабочий COST 222 USE_CASES 3 | Слесарь 3 | Оператор_СЧПУ 1 | Токарь 4 | UNAVAILABILITY 2 | 127 137 | 242 252 | 
ID Ресурс_13 NAME Рабочий_3 TYPE Рабочий COST 161 USE_CASES 3 | Токарь 3 | Сверловщик 2 | Оператор_СЧПУ 4 | UNAVAILABILITY 1 | 255 265 | 
ID Ресурс_14 NAME Рабочий_4 TYPE Рабочий COST 292 USE_CASES 2 | Слесарь 1 | Оператор_СЧПУ 5 | UNAVAILABILITY 1 | 270 300 | 
ID Ресурс_15 NAME Рабочий_5 TYPE Рабочий COST 275 USE_CASES 1 | Слесарь 3 | UNAVAILABILITY 0
ID Ресурс_16 NAME Рабочий_6 TYPE Рабочий COST 289 USE_CASES 1 | Сверловщик 4 | UNAVAILABILITY 2 | 105 115 | 235 260 | 
ID Ресурс_17 NAME Рабочий_7 TYPE Рабочий COST 160 USE_CASES 2 | Оператор_СЧПУ 5 | Слесарь 5 | UNAVAILABILITY 3 | 80 95 | 190 220 | 285 315 | 
ID Ресурс_18 NAME Рабочий_8 TYPE Рабочий COST 207 USE_CASES 1 | Токарь 1 | UNAVAILABILITY 3 | 90 100 | 175 190 | 290 300 | 
ID Ресурс_19 NAME Рабочий_9 TYPE Рабочий COST 171 USE_CASES 2 | Слесарь 5 | Токарь 4 | UNAVAILABILITY 1 | 285 310 | 
ID Ресурс_20 NAME Рабочий_10 TYPE Рабочий COST 107 USE_CASES 1 | Оператор_СЧПУ 2 | UNAVAILABILITY 3 | 100 110 | 170 180 | 240 255 | 
ID Ресурс_21 NAME Оснастка_1 TYPE Оснастка COST 224 USE_CASES 1 | Патрон 5 | UNAVAILABILITY 2 | 90 100 | 235 245 | 
ID Ресурс_22 NAME Оснастка_2 TYPE Оснастка COST 199 USE_CASES 1 | Патрон 4 | UNAVAILABILITY 1 | 255 285 | 
ID Ресурс_23 NAME Оснастка_3 TYPE Оснастка COST 260 USE_CASES 1 | Крепеж 2 | UNAVAILABILITY 2 | 127 147 | 244 274 | 
ID Ресурс_24 NAME Оснастка_4 TYPE Оснастка COST 133 USE_CASES 1 | Крепеж 3 | UNAVAILABILITY 1 | 210 240 | 
ID Ресурс_25 NAME Оснастка_5 TYPE Оснастка COST 210 USE_CASES 2 | Патрон 3 | Крепеж 3 | UNAVAILABILITY 0
ID Ресурс_26 NAME Оснастка_6 TYPE Оснастка COST 268 USE_CASES 2 | Крепеж 4 | Зажим 1 | UNAVAILABILITY 1 | 210 235 | 
ID Ресурс_27 NAME Оснастка_7 TYPE Оснастка COST 202 USE_CASES 2 | Патрон 1 | Патрон 1 | UNAVAILABILITY 3 | 90 120 | 185 195 | 290 315 | 
ID Ресурс_28 NAME Оснастка_8 TYPE Оснастка COST 300 USE_CASES 1 | Патрон 1 | UNAVAILABILITY 1 | 210 240 | 
ID Ресурс_29 NAME Оснастка_9 TYPE Оснастка COST 125 USE_CASES 2 | Патрон 4 | Патрон 1 | UNAVAILABILITY 0
ID Ресурс_30 NAME Оснастка_10 TYPE Оснастка COST 108 USE_CASES 1 | Зажим 1 | UNAVAILABILITY 2 | 135 160 | 272 302 | 
OPERATIONS 50
ID Операция_1 TYPE Вертикально-сверлильная DURATION 19 DISCHARGE 2 PREDECESSORS 0 REQ_RESOURCES 2 | Вертикально-сверлильный_станок 19 | Сверловщик 19 | 
ID Операция_2 TYPE Слесарная DURATION 20 DISCHARGE 1 PREDECESSORS 1 | Операция_1 F 0 | REQ_RESOURCES 2 | Слесарь 20 | Зажим 20 | 
ID Операция_3 TYPE Вертикально-сверлильная DURATION 20 DISCHARGE 1 PREDECESSORS 1 | Операция_2 F 0 | REQ_RESOURCES 3 | Вертикально-сверлильный_станок 20 | Сверловщик 20 | Крепеж 20 | 
ID Операция_4 TYPE Токарно-винторезная DURATION 14 DISCHARGE 2 PREDECESSORS 1 | Операция_3 F 0 | REQ_RESOURCES 3 | Токарно-винторезный_станок 14 | Токарь 14 | Зажим 14 | 
ID Операция_5 TYPE Токарно-винторезная DURATION 13 DISCHARGE 1 PREDECESSORS 1 | Операция_4 F 0 | REQ_RESOURCES 2 | Токарно-винторезный_станок 13 | Токарь 13 | 
ID Операция_6 TYPE Слесарная DURATION 15 DISCHARGE 1 PREDECESSORS 1 | Операция_5 F 0 | REQ_RESOURCES 2 | Слесарь 15 | Зажим 15 | 
ID Операция_7 TYPE Вертикально-сверлильная DURATION 10 DISCHARGE 2 PREDECESSORS 1 | Операция_6 F 0 | REQ_RESOURCES 3 | Вертикально-сверлильный_станок 10 | Сверловщик 10 | Патрон 10 | 
ID Операция_8 TYPE Вертикально-сверлильная DURATION 20 DISCHARGE 2 PREDECESSORS 1 | Операция_7 F 0 | REQ_RESOURCES 3 | Вертикально-сверлильный_станок 20 | Сверловщик 20 | Крепеж 20 | 
ID Операция_9 TYPE Токарная_с_ЧПУ DURATION 19 DISCHARGE 2 PREDECESSORS 1 | Операция_8 F 0 | REQ_RESOURCES 2 | Токарный_станок_с_СЧПУ 19 | Оператор_СЧПУ 19 | 
ID Операция_10 TYPE Слесарная DURATION 12 DISCHARGE 2 PREDECESSORS 1 | Операция_9 F 0 | REQ_RESOURCES 2 | Слесарь 12 | Патрон 12 | 
ID Операция_11 TYPE Слесарная DURATION 10 DISCHARGE 1 PREDECESSORS 0 REQ_RESOURCES 2 | Слесарь 10 | Патрон 10 | 
ID Операция_12 TYPE Токарно-винторезная DURATION 16 DISCHARGE 2 PREDECESSORS 1 | Операция_11 F 0 | REQ_RESOURCES 3 | Токарно-винторезный_станок 16 | Токарь 16 | Патрон 16 | 
ID Операция_13 TYPE Слесарная DURATION 18 DISCHARGE 2 PREDECESSORS 1 | Операция_12 F 0 | REQ_RESOURCES 1 | Слесарь 18 | 
ID Операция_14 TYPE Токарная_с_ЧПУ DURATION 10 DISCHARGE 2 PREDECESSORS 1 | Операция_13 F 0 | REQ_RESOURCES 2 | Токарный_станок_с_СЧПУ 10 | Оператор_СЧПУ 10 | 
ID Операция_15 TYPE Токарная_с_ЧПУ DURATION 17 DISCHARGE 2 PREDECESSORS 1 | Операция_14 F 0 | REQ_RESOURCES 3 | Токарный_станок_с_СЧПУ 17 | Оператор_СЧПУ 17 | Крепеж 17 | 
ID Операция_16 TYPE Вертикально-сверлильная DURATION 16 DISCHARGE 1 PREDECESSORS 1 | Операция_15 F 0 | REQ_RESOURCES 2 | Вертикально-сверлильный_станок 16 | Сверловщик 16 | 
ID Операция_17 TYPE Вертикально-сверлильная DURATION 19 DISCHARGE 2 PREDECESSORS 1 | Операция_16 F 0 | REQ_RESOURCES 2 | Вертикально-сверлильный_станок 19 | Сверловщик 19 | 
ID Операция_18 TYPE Вертикально-сверлильная DURATION 15 DISCHARGE 1 PREDECESSORS 1 | Операция_17 F 0 | REQ_RESOURCES 3 | Вертикально-сверлильный_станок 15 | Сверловщик 15 | Патрон 15 | 
ID Операция_19 TYPE Слесарная DURATION 11 DISCHARGE 2 PREDECESSORS 1 | Операция_18 F 0 | REQ_RESOURCES 1 | Слесарь 11 | 
ID Операция_20 TYPE Токарно-винторезная DURATION 16 DISCHARGE 1 PREDECESSORS 1 | Операция_19 F 0 | REQ_RESOURCES 2 | Токарно-винторезный_станок 16 | Токарь 16 | 
ID Операция_21 TYPE Вертикально-сверлильная DURATION 13 DISCHARGE 2 PREDECESSORS 0 REQ_RESOURCES 3 | Вертикально-сверлильный_станок 13 | Сверловщик 13 | Зажим 13 | 
ID Операция_22 TYPE Слесарная DURATION 17 DISCHARGE 1 PREDECESSORS 1 | Операция_21 F 0 | REQ_RESOURCES 1 | Слесарь 17 | 
ID Операция_23 TYPE Слесарная DURATION 19 DISCHARGE 1 PREDECESSORS 1 | Операция_22 F 0 | REQ_RESOURCES 2 | Слесарь 19 | Зажим 19 | 
ID Операция_24 TYPE Слесарная DURATION 11 DISCHARGE 1 PREDECESSORS 1 | Операция_23 F 0 | REQ_RESOURCES 2 | Слесарь 11 | Крепеж 11 | 
ID Операция_25 TYPE Токарно-винторезная DURATION 15 DISCHARGE 2 PREDECESSORS 1 | Операция_24 F 0 | REQ_RESOURCES 3 | Токарно-винторезный_станок 15 | Токарь 15 | Зажим 15 | 
ID Операция_26 TYPE Токарно-винторезная DURATION 11 DISCHARGE 1 PREDECESSORS 1 | Операция_25 F 0 | REQ_RESOURCES 2 | Токарно-винторезный_станок 11 | Токарь 11 | 
ID Операция_27 TYPE Токарно-винторезная DURATION 18 DISCHARGE 1 PREDECESSORS 1 | Операция_26 F 0 | REQ_RESOURCES 2 | Токарно-винторезный_станок 18 | Токарь 18 | 
ID Операция_28 TYPE Слесарная DURATION 18 DISCHARGE 1 PREDECESSORS 1 | Операция_27 F 0 | REQ_RESOURCES 1 | Слесарь 18 | 
ID Операция_29 TYPE Токарно-винторезная DURATION 11 DISCHARGE 2 PREDECESSORS 1 | Операция_28 F 0 | REQ_RESOURCES 2 | Токарно-винторезный_станок 11 | Токарь 11 | 
ID Операция_30 TYPE Токарная_с_ЧПУ DURATION 20 DISCHARGE 1 PREDECESSORS 1 | Операция_29 F 0 | REQ_RESOURCES 3 | Токарный_станок_с_СЧПУ 20 | Оператор_СЧПУ 20 | Зажим 20 | 
ID Операция_31 TYPE Токарная_с_ЧПУ DURATION 19 DISCHARGE 2 PREDECESSORS 0 REQ_RESOURCES 2 | Токарный_станок_с_СЧПУ 19 | Оператор_СЧПУ 19 | 
ID Операция_32 TYPE Токарная_с_ЧПУ DURATION 14 DISCHARGE 2 PREDECESSORS 1 | Операция_31 F 0 | REQ_RESOURCES 3 | Токарный_станок_с_СЧПУ 14 | Оператор_СЧПУ 14 | Патрон 14 | 
ID Операция_33 TYPE Слесарная DURATION 19 DISCHARGE 1 PREDECESSORS 1 | Операция_32 F 0 | REQ_RESOURCES 1 | Слесарь 19 | 
ID Операция_34 TYPE Вертикально-сверлильная DURATION 11 DISCHARGE 2 PREDECESSORS 1 | Операция_33 F 0 | REQ_RESOURCES 3 | Вертикально-сверлильный_станок 11 | Сверловщик 11 | Зажим 11 | 
ID Операция_35 TYPE Слесарная DURATION 18 DISCHARGE 1 PREDECESSORS 1 | Операция_34 F 0 | REQ_RESOURCES 2 | Слесарь 18 | Зажим 18 | 
ID Операция_36 TYPE Вертикально-сверлильная DURATION 18 DISCHARGE 2 PREDECESSORS 1 | Операция_35 F 0 | REQ_RESOURCES 2 | Вертикально-сверлильный_станок 18 | Сверловщик 18 | 
ID Операция_37 TYPE Вертикально-сверлильная DURATION 13 DISCHARGE 2 PREDECESSORS 1 | Операция_36 F 0 | REQ_RESOURCES 3 | Вертикально-сверлильный_станок 13 | Сверловщик 13 | Патрон 13 | 
ID Операция_38 TYPE Вертикально-сверлильная DURATION 19 DISCHARGE 2 PREDECESSORS 1 | Операция_37 F 0 | REQ_RESOURCES 3 | Вертикально-сверлильный_станок 19 | Сверловщик 19 | Зажим 19 | 
ID Операция_39 TYPE Вертикально-сверлильная DURATION 14 DISCHARGE 1 PREDECESSORS 1 | Операция_38 F 0 | REQ_RESOURCES 2 | Вертикально-сверлильный_станок 14 | Сверловщик 14 | 
ID Операция_40 TYPE Слесарная DURATION 14 DISCHARGE 2 PREDECESSORS 1 | Операция_39 F 0 | REQ_RESOURCES 2 | Слесарь 14 | Крепеж 14 | 
ID Операция_41 TYPE Слесарная DURATION 20 DISCHARGE 2 PREDECESSORS 0 REQ_RESOURCES 1 | Слесарь 20 | 
ID Операция_42 TYPE Вертикально-сверлильная DURATION 11 DISCHARGE 2 PREDECESSORS 1 | Операция_41 F 0 | REQ_RESOURCES 2 | Вертикально-сверлильный_станок 11 | Сверловщик 11 | 
ID Операция_43 TYPE Токарная_с_ЧПУ DURATION 17 DISCHARGE 2 PREDECESSORS 1 | Операция_42 F 0 | REQ_RESOURCES 2 | Токарный_станок_с_СЧПУ 17 | Оператор_СЧПУ 17 | 
ID Операция_44 TYPE Слесарная DURATION 18 DISCHARGE 2 PREDECESSORS 1 | Операция_43 F 0 | REQ_RESOURCES 2 | Слесарь 18 | Зажим 18 | 
ID Операция_45 TYPE Слесарная DURATION 19 DISCHARGE 1 PREDECESSORS 1 | Операция_44 F 0 | REQ_RESOURCES 2 | Слесарь 19 | Патрон 19 | 
ID Операция_46 TYPE Слесарная DURATION 10 DISCHARGE 1 PREDECESSORS 1 | Операция_45 F 0 | REQ_RESOURCES 1 | Слесарь 10 | 
ID Операция_47 TYPE Токарная_с_ЧПУ DURATION 17 DISCHARGE 1 PREDECESSORS 1 | Операция_46 F 0 | REQ_RESOURCES 3 | Токарный_станок_с_СЧПУ 17 | Оператор_СЧПУ 17 | Патрон 17 | 
ID Операция_48 TYPE Токарно-винторезная DURATION 14 DISCHARGE 1 PREDECESSORS 1 | Операция_47 F 0 | REQ_RESOURCES 3 | Токарно-винторезный_станок 14 | Токарь 14 | Патрон 14 | 
ID Операция_49 TYPE Токарная_с_ЧПУ DURATION 13 DISCHARGE 1 PREDECESSORS 1 | Операция_48 F 0 | REQ_RESOURCES 3 | Токарный_станок_с_СЧПУ 13 | Оператор_СЧПУ 13 | Зажим 13 | 
ID Операция_50 TYPE Вертикально-сверлильная DURATION 15 DISCHARGE 1 PREDECESSORS 1 | Операция_49 F 0 | REQ_RESOURCES 3 | Вертикально-сверлильный_станок 15 | Сверловщик 15 | Крепеж 15 | 
JOBS 5
NAME Деталь_1 DEADLINE 235 OP_COUNT 10 : Операция_1 Операция_2 Операция_3 Операция_4 Операция_5 Операция_6 Операция_7 Операция_8 Операция_9 Операция_10 
NAME Деталь_2 DEADLINE 338 OP_COUNT 10 : Операция_11 Операция_12 Операция_13 Операция_14 Операция_15 Операция_16 Операция_17 Операция_18 Операция_19 Операция_20 
NAME Деталь_3 DEADLINE 298 OP_COUNT 10 : Операция_21 Операция_22 Операция_23 Операция_24 Операция_25 Операция_26 Операция_27 Операция_28 Операция_29 Операция_30 
NAME Деталь_4 DEADLINE 341 OP_COUNT 10 : Операция_31 Операция_32 Операция_33 Операция_34 Операция_35 Операция_36 Операция_37 Операция_38 Операция_39 Операция_40 
NAME Деталь_5 DEADLINE 277 OP_COUNT 10 : Операция_41 Операция_42 Операция_43 Операция_44 Операция_45 Операция_46 Операция_47 Операция_48 Операция_49 Операция_50 
SETUP_TIMES
1: 0 10 5 9 10 6 7 6 6 9 6 6 6 7 8 5 10 5 10 8 9 9 6 8 10 9 7 10 8 7 8 6 5 10 8 8 7 9 7 9 9 5 10 6 10 8 5 6 8 6 
2: 10 0 7 6 9 10 6 6 10 5 7 5 7 8 9 7 10 8 8 6 6 7 7 9 9 10 6 5 9 8 8 7 7 9 7 9 5 7 7 9 5 8 6 6 8 7 10 5 6 9 
3: 5 7 0 5 8 7 9 9 8 8 7 9 5 5 7 8 8 8 5 7 10 9 5 10 9 6 7 9 8 10 10 8 6 10 10 7 8 7 9 10 10 10 6 5 9 8 8 8 7 9 
4: 9 6 5 0 7 9 6 5 7 5 9 7 10 7 5 5 8 7 10 7 6 5 10 5 5 7 10 5 5 8 10 9 7 6 7 5 7 10 10 6 9 10 6 10 10 7 9 5 7 6 
5: 10 9 8 7 0 5 8 7 7 10 7 7 10 10 6 8 5 6 8 6 6 6 10 8 7 7 10 10 5 6 9 5 7 8 8 7 10 8 9 7 10 9 5 9 9 8 7 5 9 5 
6: 6 10 7 9 5 0 9 7 9 6 7 8 7 6 10 7 10 10 5 8 6 7 5 8 6 8 6 5 7 6 10 5 10 7 6 7 5 9 10 10 6 9 6 5 8 8 7 7 7 5 
7: 7 6 9 6 8 9 0 10 8 6 5 8 6 6 7 8 8 5 8 10 7 7 9 8 6 9 7 5 5 10 9 9 9 6 5 9 5 9 10 10 9 7 9 5 6 5 6 10 5 5 
8: 6 6 9 5 7 7 10 0 9 10 6 10 7 6 8 5 6 9 5 9 6 9 5 10 5 7 8 6 6 6 10 6 9 9 8 6 10 7 7 10 6 8 9 7 9 5 8 10 10 6 
9: 6 10 8 7 7 9 8 9 0 9 10 8 8 9 6 7 10 10 8 8 9 7 6 9 7 6 7 9 6 6 5 5 8 5 5 9 6 9 8 5 5 5 9 8 5 10 8 5 7 5 
10: 9 5 8 5 10 6 6 10 9 0 5 9 6 6 6 9 10 8 7 10 7 8 10 6 6 10 6 6 6 9 5 9 10 5 6 8 5 8 9 6 8 8 9 5 7 6 10 5 10 7 
11: 6 7 7 9 7 7 5 6 10 5 0 8 8 10 10 9 7 5 7 8 6 9 6 5 5 5 8 7 5 9 10 8 8 8 10 9 7 10 10 9 10 5 9 9 8 8 8 5 8 5 
12: 6 5 9 7 7 8 8 10 8 9 8 0 10 8 8 10 6 5 5 9 9 6 10 6 8 6 5 10 5 10 8 5 7 6 8 8 8 6 10 9 8 7 5 8 10 10 7 8 7 9 
13: 6 7 5 10 10 7 6 7 8 6 8 10 0 10 6 10 7 5 7 5 5 10 7 5 5 9 5 10 6 5 9 8 8 8 8 7 8 6 7 5 6 5 7 10 9 7 10 9 5 10 
14: 7 8 5 7 10 6 6 6 9 6 10 8 10 0 10 6 7 8 9 9 5 6 6 9 5 8 10 9 8 9 5 7 9 10 10 8 6 8 5 9 6 5 7 6 6 7 7 6 9 10 
15: 8 9 7 5 6 10 7 8 6 6 10 8 6 10 0 8 10 9 5 6 7 7 10 10 7 8 7 6 8 7 10 9 5 8 5 7 6 10 5 8 8 7 10 7 8 8 10 8 5 5 
16: 5 7 8 5 8 7 8 5 7 9 9 10 10 6 8 0 6 10 9 10 7 6 6 9 6 5 5 5 7 10 7 7 10 9 9 7 10 7 7 9 5 9 5 6 6 9 7 7 5 7 
17: 10 10 8 8 5 10 8 6 10 10 7 6 7 7 10 6 0 6 8 10 8 10 5 7 7 10 10 6 10 10 8 5 8 7 6 5 9 9 7 9 5 8 5 8 10 7 9 8 5 8 
18: 5 8 8 7 6 10 5 9 10 8 5 5 5 8 9 10 6 0 9 9 7 8 8 5 7 6 7 8 8 10 6 7 6 5 6 10 10 8 10 7 8 7 5 5 8 5 8 8 6 9 
19: 10 8 5 10 8 5 8 5 8 7 7 5 7 9 5 9 8 9 0 8 5 6 5 10 9 6 9 8 6 6 7 9 7 9 6 6 9 7 9 10 9 5 7 10 8 7 5 9 5 8 
20: 8 6 7 7 6 8 10 9 8 10 8 9 5 9 6 10 10 9 8 0 8 5 8 7 10 6 8 7 6 9 7 10 10 5 7 9 5 7 8 5 10 9 10 10 6 10 6 7 8 6 
21: 9 6 10 6 6 6 7 6 9 7 6 9 5 5 7 7 8 7 5 8 0 9 9 6 5 6 6 10 6 8 5 5 6 7 5 5 6 9 6 5 9 7 8 7 8 7 5 10 7 5 
22: 9 7 9 5 6 7 7 9 7 8 9 6 10 6 7 6 10 8 6 5 9 0 6 9 5 10 6 9 6 5 5 10 8 7 8 6 9 9 6 10 8 7 5 10 7 5 10 10 9 7 
23: 6 7 5 10 10 5 9 5 6 10 6 10 7 6 10 6 5 8 5 8 9 6 0 6 9 9 5 8 6 6 9 5 7 5 7 5 5 7 7 8 9 7 8 9 6 5 5 7 6 7 
24: 8 9 10 5 8 8 8 10 9 6 5 6 5 9 10 9 7 5 10 7 6 9 6 0 9 6 9 9 8 9 6 6 5 10 6 7 6 7 7 9 9 6 6 8 7 8 7 5 6 9 
25: 10 9 9 5 7 6 6 5 7 6 5 8 5 5 7 6 7 7 9 10 5 5 9 9 0 10 9 10 10 10 9 8 6 8 6 10 7 5 10 10 6 9 10 9 9 5 6 6 8 6 
26: 9 10 6 7 7 8 9 7 6 10 5 6 9 8 8 5 10 6 6 6 6 10 9 6 10 0 6 9 9 5 8 6 10 7 7 5 8 10 7 5 7 7 5 10 10 10 9 5 7 9 
27: 7 6 7 10 10 6 7 8 7 6 8 5 5 10 7 5 10 7 9 8 6 6 5 9 9 6 0 5 7 7 9 5 10 10 10 6 9 10 8 9 10 9 6 7 7 7 6 5 7 8 
28: 10 5 9 5 10 5 5 6 9 6 7 10 10 9 6 5 6 8 8 7 10 9 8 9 10 9 5 0 8 8 5 9 5 6 7 7 7 6 9 7 10 8 10 6 9 8 6 9 5 7 
29: 8 9 8 5 5 7 5 6 6 6 5 5 6 8 8 7 10 8 6 6 6 6 6 8 10 9 7 8 0 8 7 7 9 7 8 7 9 8 9 7 7 8 7 10 8 9 9 9 10 5 
30: 7 8 10 8 6 6 10 6 6 9 9 10 5 9 7 10 10 10 6 9 8 5 6 9 10 5 7 8 8 0 8 7 10 9 6 8 8 5 10 8 6 7 9 6 5 9 10 9 5 6 
31: 8 8 10 10 9 10 9 10 5 5 10 8 9 5 10 7 8 6 7 7 5 5 9 6 9 8 9 5 7 8 0 5 8 9 6 6 6 9 5 7 9 8 7 6 10 7 6 5 8 10 
32: 6 7 8 9 5 5 9 6 5 9 8 5 8 7 9 7 5 7 9 10 5 10 5 6 8 6 5 9 7 7 5 0 8 10 8 6 9 5 5 8 9 10 10 10 5 8 9 9 6 7 
33: 5 7 6 7 7 10 9 9 8 10 8 7 8 9 5 10 8 6 7 10 6 8 7 5 6 10 10 5 9 10 8 8 0 10 10 9 10 7 7 10 7 5 6 5 10 9 8 6 6 10 
34: 10 9 10 6 8 7 6 9 5 5 8 6 8 10 8 9 7 5 9 5 7 7 5 10 8 7 10 6 7 9 9 10 10 0 7 8 6 9 10 10 7 5 5 9 6 5 8 7 5 6 
35: 8 7 10 7 8 6 5 8 5 6 10 8 8 10 5 9 6 6 6 7 5 8 7 6 6 7 10 7 8 6 6 8 10 7 0 9 10 8 6 10 7 7 7 9 5 10 9 7 10 6 
36: 8 9 7 5 7 7 9 6 9 8 9 8 7 8 7 7 5 10 6 9 5 6 5 7 10 5 6 7 7 8 6 6 9 8 9 0 9 6 7 5 8 5 6 7 5 5 9 5 9 7 
37: 7 5 8 7 10 5 5 10 6 5 7 8 8 6 6 10 9 10 9 5 6 9 5 6 7 8 9 7 9 8 6 9 10 6 10 9 0 10 7 8 10 5 5 9 9 10 10 10 6 6 
38: 9 7 7 10 8 9 9 7 9 8 10 6 6 8 10 7 9 8 7 7 9 9 7 7 5 10 10 6 8 5 9 5 7 9 8 6 10 0 6 6 10 10 10 8 10 7 6 8 6 5 
39: 7 7 9 10 9 10 10 7 8 9 10 10 7 5 5 7 7 10 9 8 6 6 7 7 10 7 8 9 9 10 5 5 7 10 6 7 7 6 0 5 8 9 6 5 10 5 7 9 10 8 
40: 9 9 10 6 7 10 10 10 5 6 9 9 5 9 8 9 9 7 10 5 5 10 8 9 10 5 9 7 7 8 7 8 10 10 10 5 8 6 5 0 10 10 6 10 10 5 7 6 8 10 
41: 9 5 10 9 10 6 9 6 5 8 10 8 6 6 8 5 5 8 9 10 9 8 9 9 6 7 10 10 7 6 9 9 7 7 7 8 10 10 8 10 0 9 7 8 10 7 6 6 9 9 
42: 5 8 10 10 9 9 7 8 5 8 5 7 5 5 7 9 8 7 5 9 7 7 7 6 9 7 9 8 8 7 8 10 5 5 7 5 5 10 9 10 9 0 10 7 10 9 5 10 5 6 
43: 10 6 6 6 5 6 9 9 9 9 9 5 7 7 10 5 5 5 7 10 8 5 8 6 10 5 6 10 7 9 7 10 6 5 7 6 5 10 6 6 7 10 0 7 7 8 5 9 5 5 
44: 6 6 5 10 9 5 5 7 8 5 9 8 10 6 7 6 8 5 10 10 7 10 9 8 9 10 7 6 10 6 6 10 5 9 9 7 9 8 5 10 8 7 7 0 7 7 8 9 10 8 
45: 10 8 9 10 9 8 6 9 5 7 8 10 9 6 8 6 10 8 8 6 8 7 6 7 9 10 7 9 8 5 10 5 10 6 5 5 9 10 10 10 10 10 7 7 0 6 7 9 9 9 
46: 8 7 8 7 8 8 5 5 10 6 8 10 7 7 8 9 7 5 7 10 7 5 5 8 5 10 7 8 9 9 7 8 9 5 10 5 10 7 5 5 7 9 8 7 6 0 9 8 7 5 
47: 5 10 8 9 7 7 6 8 8 10 8 7 10 7 10 7 9 8 5 6 5 10 5 7 6 9 6 6 9 10 6 9 8 8 9 9 10 6 7 7 6 5 5 8 7 9 0 5 6 10 
48: 6 5 8 5 5 7 10 10 5 5 5 8 9 6 8 7 8 8 9 7 10 10 7 5 6 5 5 9 9 9 5 9 6 7 7 5 10 8 9 6 6 10 9 9 9 8 5 0 7 6 
49: 8 6 7 7 9 7 5 10 7 10 8 7 5 9 5 5 5 6 5 8 7 9 6 6 8 7 7 5 10 5 8 6 6 5 10 9 6 6 10 8 9 5 5 10 9 7 6 7 0 6 
50: 6 9 9 6 5 5 5 6 5 7 5 9 10 10 5 7 8 9 8 6 5 7 7 9 6 9 8 7 5 6 10 7 10 6 6 7 6 5 8 10 9 6 5 8 9 5 10 6 6 0 
